| |alshakoush|gpt|vader|stanza|text_blob|
|---|---|---|---|---|---|
|alshakoush|1.0|0.899|0.14|0.095|0.173|
|gpt|0.899|1.0|0.14|0.087|0.162|
|vader|0.14|0.14|1.0|0.108|0.158|
|stanza|0.095|0.087|0.108|1.0|0.234|
|text_blob|0.173|0.162|0.158|0.234|1.0|



| |vader|stanza|text_blob|
|---|---|---|---|
|vader|1.0|0.108|0.158|
|stanza|0.108|1.0|0.234|
|text_blob|0.158|0.234|1.0|



| |alshakoush|gpt|
|---|---|---|
|alshakoush|1.0|0.899|
|gpt|0.899|1.0|



| |alshakoush|vader|stanza|text_blob|
|---|---|---|---|---|
|alshakoush|1.0|0.14|0.095|0.173|
|vader|0.14|1.0|0.108|0.158|
|stanza|0.095|0.108|1.0|0.234|
|text_blob|0.173|0.158|0.234|1.0|



| |gpt|vader|stanza|text_blob|
|---|---|---|---|---|
|gpt|1.0|0.14|0.087|0.162|
|vader|0.14|1.0|0.108|0.158|
|stanza|0.087|0.108|1.0|0.234|
|text_blob|0.162|0.158|0.234|1.0|



